111111 111111 1874 2018-6-19 19:0 136
111111 1 1 35 0     111112 1 2 35 0     111113 1 3 35 0     111114 1 4 35 0     111115 1 5 35 0     
111116 1 7 35 0     111117 1 8 35 0     111118 1 9 35 0     111119 1 10 35 0     111120 1 11 35 0     
111121 1 12 35 0     111122 1 13 35 0     111123 1 14 35 0     111124 1 16 35 0     111125 1 17 35 0     
111126 1 18 35 0     111127 1 19 35 0     111128 1 20 35 0     111129 2 1 35 0     111130 2 2 35 0     
111131 2 3 35 0     111132 2 4 35 0     111133 2 5 35 0     111134 2 7 35 0     111135 2 8 35 0     
111136 2 9 35 0     111137 2 10 35 0     111138 2 11 35 0     111139 2 12 35 0     111140 2 13 35 0     
111141 2 14 35 0     111142 2 16 35 0     111143 2 17 35 0     111144 2 18 35 0     111145 2 19 35 0     
111146 2 20 35 0     111147 3 1 35 0     111148 3 2 35 0     111149 3 3 35 0     111150 3 4 35 0     
111151 3 5 35 0     111152 3 7 35 0     111153 3 8 35 0     111154 3 9 35 0     111155 3 10 35 0     
111156 3 11 35 0     111157 3 12 35 0     111158 3 13 35 0     111159 3 14 35 0     111160 3 16 35 0     
111161 3 17 35 0     111162 3 18 35 0     111163 3 19 35 0     111164 3 20 35 0     111165 4 1 35 0     
111166 4 2 35 0     111167 4 3 35 0     111168 4 4 35 0     111169 4 5 35 0     111170 4 7 35 0     
111171 4 8 35 0     111172 4 9 35 0     111173 4 10 35 0     111174 4 11 35 0     111175 4 12 35 0     
111176 4 13 35 0     111177 4 14 35 0     111178 4 16 35 0     111179 4 17 35 0     111180 4 18 35 0     
111181 4 19 35 0     111182 4 20 35 0     111183 5 1 35 0     111184 5 2 35 0     111185 5 3 35 0     
111186 5 4 35 0     111187 5 5 35 0     111188 5 7 35 0     111189 5 8 35 0     111190 5 9 35 0     
111191 5 10 35 0     111192 5 11 35 0     111193 5 12 35 0     111194 5 13 35 0     111195 5 14 35 0     
111196 5 16 35 0     111197 5 17 35 0     111198 5 18 35 0     111199 5 19 35 0     111200 5 20 35 0     
111201 6 1 35 0     111202 6 2 35 0     111203 6 3 35 0     111204 6 4 35 0     111205 6 5 35 0     
111206 6 7 35 0     111207 6 8 35 0     111208 6 9 35 0     111209 6 10 35 0     111210 6 11 35 0     
111211 6 12 35 0     111212 6 13 35 0     111213 6 14 35 0     111214 6 16 35 0     111215 6 17 35 0     
111216 6 18 35 0     111217 6 19 35 0     111218 6 20 35 0     111219 7 2 35 0     111220 7 3 35 0     
111221 7 4 35 0     111222 7 5 35 0     111223 7 7 35 0     111224 7 8 35 0     111225 7 9 35 0     
111226 7 10 35 0     111227 7 11 35 0     111228 7 12 35 0     111229 7 13 35 0     111230 7 14 35 0     
111231 7 16 35 0     111232 7 17 35 0     111233 7 18 35 0     111234 7 19 35 0     111235 8 4 35 0     
111236 8 5 35 0     111237 8 7 35 0     111238 8 8 35 0     111239 8 9 35 0     111240 8 10 35 0     
111241 8 11 35 0     111242 8 12 35 0     111243 8 13 35 0     111244 8 14 35 0     111245 8 16 35 0     
111246 8 17 35 0     
