111111 1 12345680 2018-06-24-10:27 25 111312 111113
111112 1 12345680 2018-06-24-10:43 25 111311 111113
111113 1 12345680 2018-06-24-11:14 25 111327 111113
111114 1 12345680 2018-06-24-20:10 45 111247 111112
111115 2 12345680 2018-06-24-20:17 -45 111247 111112
111119 1 12345680 2018-06-24-23:36 45 111247 111112
111120 1 12345680 2018-06-24-23:36 45 111248 111112
111121 2 12345680 2018-06-24-23:36 -45 111247 111112
111124 1 12345683 2018-06-25-20:54 45 111247 111112
111125 2 12345683 2018-06-25-21:03 -45 111247 111112
111126 1 12345680 2018-06-26-09:23 25 111325 111113
111127 2 12345680 2018-06-26-09:23 -25 111325 111113
111128 1 12345681 2018-06-26-18:58 25 111365 111113
111129 1 12345681 2018-06-26-18:58 25 111366 111113
111130 1 12345681 2018-06-26-18:59 45 111247 111112
111131 1 12345681 2018-06-26-19:00 25 111319 111113
111132 2 12345681 2018-06-26-19:03 -45 111247 111112
